,Temp
0,29.0
1,28.614263817351762
2,29.290181727954206
3,28.53876784266939
4,27.896519917461266
5,28.753506238633367
6,29.337525332218334
7,28.57752696632935
8,28.937449780107404
9,29.826978604379665
10,29.489336799909406
11,28.679233658057534
12,28.07888405048437
13,27.135513687785316
14,26.24729069656777
15,26.650298777339323
16,27.603529518855353
17,26.657953078188466
18,27.109645849171564
19,27.32349545928101
20,27.79958951754189
21,26.96825231242214
22,26.384411272892446
23,25.72283824764663
24,24.751994985236824
25,25.594016173789825
26,25.732521885409994
27,25.304290105836895
28,25.26665634160316
29,24.46722520610248
30,25.224562771379727
31,24.686434527869224
32,23.711437500551828
33,23.69635754963648
34,22.742140055170992
35,22.098139901552425
36,21.44175901223678
37,20.990656022714685
38,20.893550153612466
39,20.226014869267573
40,21.00744569092318
41,20.924733804469568
42,21.883427487660537
43,22.324119899974967
44,21.917020728107687
45,21.0688953523826
46,20.655995660510577
47,19.761236243131748
48,19.76236283951418
49,19.76241046410284
50,19.765318879344804
51,19.775046498273216
52,19.778333884366948
53,19.786905454037882
54,19.79444932117902
55,19.79976283427882
56,19.80498886636172
57,19.812608339833943
58,19.819123448677438
59,19.8227135361203
60,19.832168255898317
61,19.841392563114624
62,19.84289102771088
63,19.84423910016681
64,19.847302490480146
65,19.85118375469497
66,19.85321869571064
67,19.854122524489593
68,19.855702113697916
69,19.85873670877209
70,19.86332537600719
71,19.86832037269814
72,19.87323655656399
73,19.880877564946726
74,19.88319855473019
75,19.891473936116366
76,19.89262839085515
77,19.8960646614927
78,19.896232435928074
79,19.899377896516704
80,19.907222633246985
81,19.912783333442857
82,19.92218871670881
83,19.926937710285667
84,19.93294447889077
85,19.942836790087462
86,19.94871850685054
87,19.956587675320645
88,19.958266503254464
89,19.960023896236535
90,19.96393596821918
91,19.966823876022634
92,19.97551668557433
93,19.981435220538657
94,19.9897855250335
95,19.991114844773623
96,20.00000755541731
97,19.702310282435786
98,19.711936513549603
99,19.713642635094654
100,19.721699522665272
101,19.722577982151837
102,19.723259850836566
103,19.724876181694597
104,19.72683608498729
105,19.730555365256066
106,19.737413405881913
107,19.74640046431729
108,19.75359514488025
109,19.760376713887585
110,19.76099970107913
111,19.762894119973648
112,19.76660870526407
113,19.775094314518842
114,19.77932636974164
115,19.78087048669756
116,19.78503780033816
117,19.78560405082332
118,19.792475971707994
119,19.80183194553397
120,19.803917273198373
121,19.80898051691307
122,19.817471124031105
123,19.82255538503857
124,19.830178354369178
125,19.83693079070683
126,19.84167565963559
127,19.844062782373992
128,19.85070826008871
129,19.858576306196564
130,19.868333548272947
131,19.87169200971088
132,19.87823000056951
133,19.880152456403803
134,19.88524844737506
135,19.89505843515974
136,19.89711019682444
137,19.905687031209897
138,19.907066620090927
139,19.90902743179603
140,19.91315382331246
141,19.919929254501675
142,19.924168883474724
143,19.925201314987408
144,19.934875246812332
145,19.942346978755037
146,19.952020509677507
147,19.95664104317074
148,19.958844313324278
149,19.968298513749552
150,19.971486472687463
151,19.97305690504005
152,19.974106528765837
153,19.977613368376126
154,19.982897283032177
155,19.986304156511313
156,19.98886961475121
157,19.995617398670813
158,19.998061847553895
159,20.005491197288293
160,19.772013399210643
161,19.77605532221983
162,19.78456780044524
163,19.787077909548973
164,19.794204456548627
165,19.80387371976564
166,19.809814121795768
167,19.817982082883447
168,19.822970592413785
169,19.83180141646288
170,19.837441350391654
171,19.84652781303185
172,19.853630553367044
173,19.85711892198067
174,19.86206619302632
175,19.86543249857258
176,19.869031022425357
177,19.878519712649734
178,19.882446326383874
179,19.883568705219645
180,19.891770858383452
181,19.896708990739782
182,19.90303531192126
183,19.905337056851568
184,19.914487252384145
185,19.917354977798617
186,19.920823344768383
187,19.92733080136418
188,19.928227258456047
189,19.92982629181169
190,19.93130512562392
191,19.938437007399585
192,19.945505370434063
193,19.95038410333833
194,19.955952695328985
195,19.96328981817906
196,19.9696601082446
197,19.974904242809558
198,19.98149121618425
199,19.98237632987379
200,19.987501771380256
201,19.99662691182667
202,20.004167473848533
203,19.53118117749328
204,19.538783379988384
205,19.53988183689186
206,19.54980622054755
207,19.558001727620617
208,19.56174624407465
209,19.567692383973384
210,19.569491769723555
211,19.579164505799536
212,19.58639757575299
213,19.59577883286455
214,19.601506027438614
215,19.6048978784706
216,19.614620902775354
217,19.619360983502652
218,19.62783224556573
219,19.636045516178147
220,19.643174049190815
221,19.64658032998491
222,19.65402881939
223,19.659598221734264
224,19.668571016607657
225,19.670744490834817
226,19.678291181270808
227,19.67858944899966
228,19.679948046766253
229,19.681154622587467
230,19.68578532538521
231,19.690330699346255
232,19.69217150626903
233,19.693396594116052
234,19.694837567082633
235,19.699974395971076
236,19.70074477425232
237,19.701163339769447
238,19.701167555384657
239,19.70614175500195
240,19.708813519915235
241,19.710099275518537
242,19.714650855182384
243,19.72412160509331
244,19.73374782577218
245,19.73948497259549
246,19.74025478652098
247,19.7442015001551
248,19.746046111060235
249,19.748053780044792
250,19.748389588420512
251,19.755563466504
252,19.759121693454865
253,19.766354659136358
254,19.769142528189022
255,19.770428654285567
256,19.7740248781181
257,19.77818209087618
258,19.778190504798147
259,19.77875959506671
260,19.782252567257206
261,19.784194926222227
262,19.786131994230782
263,19.787400495367958
264,19.795341907022905
265,19.80081270331862
266,19.80375619583002
267,19.80675481099156
268,19.808273002676355
269,19.815328960755515
270,19.821944307079978
271,19.82616505432822
272,19.835810430053545
273,19.844315116152686
274,19.85215294758505
275,19.857342136142094
276,19.86232571632579
277,19.863400361044473
278,19.868316962926446
279,19.87066302741734
280,19.87407412332837
281,19.877525394290494
282,19.884089739595723
283,19.889810663636315
284,19.899452034006693
285,19.901280532434342
286,19.903572580022182
287,19.90426502074259
288,19.912892366340333
289,19.918831983729582
290,19.923687679197283
291,19.933328655401517
292,19.93502347600162
293,19.943731293348932
294,19.94665007930842
295,19.94739806772547
296,19.953282125161934
297,19.96090414526198
298,19.96899634576359
299,19.975572424432322
300,19.97843345623471
301,19.979489434728364
302,19.9808308694638
303,19.983477561469964
304,19.987183326317854
305,19.992828569424262
306,19.994158062895373
307,19.99779449502079
308,20.007365875621876
309,20.260795597855864
310,21.081225829214464
311,20.763175739516885
312,20.623523759721003
313,20.43532327432991
314,19.967114499223403
315,19.972715463017085
316,19.981585548898963
317,19.98341819695069
318,19.99338668806154
319,20.0023436952444
320,20.792530876249337
321,20.651761614963057
322,21.41548038530526
323,22.18105154481972
324,22.902223091630635
325,22.881490869227175
326,22.40760102233603
327,22.263188356429684
328,22.33602032811574
329,21.86218814884054
330,21.586208228080785
331,21.629974324013013
332,22.25776394055194
333,23.072652517150186
334,22.402699888530197
335,22.044506018426183
336,21.991722556946765
337,21.933050364460406
338,21.671023443956948
339,21.551518153021526
340,22.45885067350418
341,22.29277275887578
342,22.88081437368319
343,22.392414007158756
344,21.910826590812544
345,22.791588165061697
346,22.371952565557635
347,21.663729851515253
348,22.19655500989363
349,22.12596696981421
350,21.432463135931297
351,21.194165511740408
352,21.346630877699994
353,21.21840199643034
354,20.355580877220046
355,20.980774569891015
356,21.37705969289061
357,22.10631409173628
358,22.261562526103415
359,21.54969309849482
360,20.653342159080307
361,21.389578145506704
362,22.228133464893503
363,21.83294772460346
364,21.25865410202413
365,21.0721587236854
366,21.51716962870275
367,20.572601255868587
368,20.033566757764785
369,20.679679905476316
370,20.41013204496074
371,20.39894551321408
372,19.59714205313556
373,19.604822392802607
374,19.605482022397414
375,19.606385730625355
376,19.60818157388271
377,19.61784543134983
378,19.621078209123752
379,19.62917247562522
380,19.632604073756603
381,19.638753557634455
382,19.64449226246687
383,19.653643589901602
384,19.662798997898577
385,19.671947955301775
386,19.67948209242525
387,19.68191181411836
388,19.681978062200198
389,19.69106720364459
390,19.693314521631144
391,19.703235155727924
392,19.711273291361337
393,19.71612634163319
394,19.722939831610635
395,19.729323278141464
396,19.734344418205787
397,19.735677132635946
398,19.743910703169025
399,19.746933444566483
400,19.747454818718005
401,19.753314420175045
402,19.7578330183815
403,19.762276051843116
404,19.765426164453118
405,19.77152626754701
406,19.77645849289457
407,19.77832059501497
408,19.784856878279804
409,19.785661708164756
410,19.795051425695274
411,19.804161558339697
412,19.809412727529374
413,19.813930148352718
414,19.818269568298348
415,19.827546794928043
416,19.836457885494045
417,19.843417757015914
418,19.849158335777265
419,19.85203034286912
420,19.859275034029807
421,19.86410954286293
422,19.86612168315327
423,19.86989300449074
424,19.87157909364811
425,19.87473691988656
426,19.8769851991708
427,19.88295509282195
428,19.889488613668497
429,19.890154942558556
430,19.894614564509034
431,19.89715000941079
432,19.90215010614444
433,19.905142272777745
434,19.911706872841222
435,19.920187323408452
436,19.923437973096487
437,19.925959141871434
438,19.926650778808146
439,19.936287527328474
440,19.936330159329184
441,19.945581008095292
442,19.949938889080546
443,19.955111633733715
444,19.960181976087867
445,19.970160250541355
446,19.978952975335122
447,19.98230423824179
448,19.983273140506878
449,19.988080898935785
450,19.995209132689617
451,20.000850594270013
452,19.998244796830505
453,20.0003268568221
454,19.826108627313054
455,19.828188994201003
456,19.830652162892765
457,19.831606258732464
458,19.838272230328943
459,19.84423903339268
460,19.845353699895362
461,19.847202493080243
462,19.852289639201995
463,19.852681101073713
464,19.858888849288636
465,19.864065903005333
466,19.868030278693762
467,19.872006238744678
468,19.881697588170148
469,19.88551241861019
470,19.886682533053854
471,19.890329611319995
472,19.898688942266563
473,19.899398315843854
474,19.90343711972224
475,19.90901006924902
476,19.915155942383464
477,19.919538565959805
478,19.924641925765457
479,19.933219924644558
480,19.934676801027944
481,19.94118702420676
482,19.947500068300258
483,19.953539567357073
484,19.96296001238236
485,19.96372173173728
486,19.96744475873832
487,19.968727957191316
488,19.973386347702675
489,19.98223455865222
490,19.99194431333252
491,19.99834405125096
492,20.00671895212467
493,19.72724941226927
494,19.73271722797871
495,19.741404507099457
496,19.748535165861533
497,19.752737455761764
498,19.759696096695155
499,19.765252772953165
500,19.769998655813286
501,19.77952514642304
502,19.787970165533608
503,19.795318272911203
504,19.79565547917179
505,19.796706747581354
506,19.799591208981333
507,19.802828596098312
508,19.810399031968768
509,19.81090073027777
510,19.81103112440514
511,19.81820271201399
512,19.82316073293905
513,19.824868413612563
514,19.826971461810196
515,19.8364444454907
516,19.84248546243659
517,19.849221301938123
518,19.851621559582124
519,19.85995037801668
520,19.868067480458436
521,19.86935298314079
522,19.8725348354425
523,19.878992095979683
524,19.88720663507092
525,19.88932154945673
526,19.899302934546483
527,19.90347224484804
528,19.908321016616522
529,19.910051386517118
530,19.916774802552823
531,19.923397726117674
532,19.92442775304334
533,19.924972388811643
534,19.933062282395
535,19.93625546233265
536,19.937930249237144
537,19.94545162514924
538,19.954233932664987
539,19.96397275852285
540,19.97362938293657
541,19.978579455570816
542,19.986639045389044
543,19.98845671380089
544,19.99213612600446
545,20.000566083877626
546,19.05486694409888
547,19.061588123517048
548,19.067556956430032
549,19.07571415847724
550,19.077893446023154
551,19.08233893240701
552,19.08683253887808
553,19.087956561285672
554,19.0968690423495
555,19.09960528162797
556,19.10886632497782
557,19.11756912974023
558,19.121188630344435
559,19.122153379924637
560,19.127131888507982
561,19.134570102496003
562,19.135225587562765
563,19.138634689615337
564,19.14219523315599
565,19.145396429513777
566,19.148085201385587
567,19.155449147312645
568,19.159437760612118
569,19.166316898556715
570,19.169945808102934
571,19.176189477903925
572,19.18563990854122
573,19.195199608972146
574,19.203534197857877
575,19.209550987436735
576,19.215955501477083
577,19.221860457829127
578,19.226346310700137
579,19.23215107612648
580,19.237266809859644
581,19.239322570463678
582,19.246272943083177
583,19.25623862318981
584,19.25633492676221
585,19.259357299010052
586,19.26105183797925
587,19.26689389574415
588,19.270747783612254
589,19.27175576629807
590,19.273879213276583
591,19.2755191482939
592,19.277983667460965
593,19.278708501663438
594,19.28751865617392
595,19.292171989202586
596,19.299929043624424
597,19.305339567003664
598,19.30967353064589
599,19.317365918604892
600,19.32257786454861
